#model positions
-0.05
-0.5
0.25
0.0
-0.04
0.0
0.4
0.5
0.04
0.0
0.6
0.5
0.05
-0.5
0.5
0.0
-0.05
-0.4
0.1
0.1
0.05
-0.4
0.9
0.1
-0.2
-0.5
0.0
0.0
0.2
-0.5
1.0
0.0
0.0
0.0
0.5
0.5
-0.032
0.05
0.35
0.65
0.032
0.05
0.65
0.65
-0.02
0.3
0.1
0.9
0.02
0.3
0.6
0.88
-0.015
0.35
0.0
0.95
0.015
0.35
0.7
0.9
0.025
0.6
1.0
1.0
-0.15
0.4
0.0
0.92
0.12
0.4
0.8
0.9
0.14
0.1
0.7
0.7
0.15
0.09
0.75
0.65
0.16
0.11
0.75
0.72
0.2
0.15
0.82
0.82
0.25
0.1
1.0
0.7
-0.12
-0.01
0.3
0.4
-0.12
0.02
0.3
0.55
-0.15
-0.012
0.28
0.45
-0.18
-0.08
0.2
0.4
-0.21
0.0
0.12
0.55
-0.2
0.03
0.013
0.6
-0.18
0.15
0.15
0.7
-0.22
0.03
0.1
0.62
-0.35
0.05
0.0
0.64
#model indices
0
5
4
0
3
5
6
0
4
5
3
7
4
2
1
2
4
5
1
8
9
8
2
10
8
10
9
9
12
11
9
10
12
11
12
14
11
14
13
13
14
15
12
17
14
2
18
10
2
19
18
19
20
18
18
20
21
19
22
20 
23
1
9
23
9
24
23
24
25
26
23
25
25
24
28
27
25
28
27
28
30
28
29
30
31
27
30
16
11
13